0, 72.9761198916722, 33.683431213245754
1, 72.9792160200992, 33.685053720066755
2, 72.9823121485262, 33.686676226887755
3, 72.98540827695321, 33.688298733708756
4, 72.98850440538021, 33.689921240529756
5, 72.99160053380722, 33.69154374735076
6, 72.99469666223422, 33.69316625417176
7, 72.99779279066122, 33.69478876099276
8, 73.00088891908823, 33.69641126781376
9, 73.00398504751523, 33.69803377463476
10, 73.00708117594223, 33.69965628145576
11, 73.01017730436924, 33.70127878827676
12, 73.01327343279624, 33.70290129509776
13, 73.01636956122324, 33.70452380191876
14, 73.01946568965025, 33.70614630873976
15, 73.02256181807725, 33.70776881556076
16, 73.02565794650425, 33.70939132238176
17, 73.02875407493126, 33.71101382920276
18, 73.03185020335826, 33.71263633602376
19, 73.03494633178526, 33.714258842844764
20, 73.03804246021227, 33.715881349665764
21, 73.04113858863927, 33.717503856486765
22, 73.04423471706627, 33.719126363307765
23, 73.04733084549328, 33.720748870128766
24, 73.05042697392028, 33.722371376949766
25, 73.05352310234728, 33.72399388377077
26, 73.05661923077429, 33.72561639059177
27, 73.05971535920129, 33.72723889741277
28, 73.0628114876283, 33.72886140423377
29, 73.0659076160553, 33.73048391105477
30, 73.0690037444823, 33.73210641787577
31, 73.0720998729093, 33.73372892469677
32, 73.07519600133631, 33.73535143151777
33, 73.07829212976331, 33.73697393833877
34, 73.08138825819032, 33.73859644515977
35, 73.08448438661732, 33.74021895198077
36, 73.08758051504432, 33.74184145880177
37, 73.09067664347133, 33.74346396562277
38, 73.09377277189833, 33.745086472443774
39, 73.09686890032533, 33.746708979264774
40, 73.09996502875234, 33.748331486085775
41, 73.10306115717934, 33.749953992906775
42, 73.10615728560634, 33.751576499727776
43, 73.10925341403335, 33.753199006548776
44, 73.11234954246035, 33.75482151336978
45, 73.11544567088735, 33.75644402019078
46, 73.11854179931436, 33.75806652701178
47, 73.12163792774136, 33.75968903383278
48, 73.12473405616836, 33.76131154065378
49, 72.97757275420919, 33.68157004959375
50, 72.9806688826362, 33.68319255641475
51, 72.9837650110632, 33.68481506323575
52, 72.9868611394902, 33.68643757005675
53, 72.9899572679172, 33.688060076877754
54, 72.99305339634421, 33.689682583698755
55, 72.99614952477121, 33.691305090519755
56, 72.99924565319822, 33.692927597340756
57, 73.00234178162522, 33.694550104161756
58, 73.00543791005222, 33.69617261098276
59, 73.00853403847923, 33.69779511780376
60, 73.01163016690623, 33.69941762462476
61, 73.01472629533323, 33.70104013144576
62, 73.01782242376024, 33.70266263826676
63, 73.02091855218724, 33.70428514508776
64, 73.02401468061424, 33.70590765190876
65, 73.02711080904125, 33.70753015872976
66, 73.03020693746825, 33.70915266555076
67, 73.03330306589525, 33.71077517237176
68, 73.03639919432226, 33.71239767919276
69, 73.03949532274926, 33.71402018601376
70, 73.04259145117626, 33.71564269283476
71, 73.04568757960327, 33.71726519965576
72, 73.04878370803027, 33.718887706476764
73, 73.05187983645727, 33.720510213297764
74, 73.05497596488428, 33.722132720118765
75, 73.05807209331128, 33.723755226939765
76, 73.06116822173828, 33.725377733760766
77, 73.06426435016529, 33.727000240581766
78, 73.06736047859229, 33.72862274740277
79, 73.0704566070193, 33.73024525422377
80, 73.0735527354463, 33.73186776104477
81, 73.0766488638733, 33.73349026786577
82, 73.0797449923003, 33.73511277468677
83, 73.08284112072731, 33.73673528150777
84, 73.08593724915431, 33.73835778832877
85, 73.08903337758132, 33.73998029514977
86, 73.09212950600832, 33.74160280197077
87, 73.09522563443532, 33.74322530879177
88, 73.09832176286233, 33.74484781561277
89, 73.10141789128933, 33.74647032243377
90, 73.10451401971633, 33.74809282925477
91, 73.10761014814334, 33.749715336075774
92, 73.11070627657034, 33.751337842896774
93, 73.11380240499734, 33.752960349717775
94, 73.11689853342435, 33.754582856538775
95, 73.11999466185135, 33.756205363359776
96, 73.12309079027835, 33.757827870180776
97, 73.12618691870536, 33.75945037700178
98, 73.12928304713236, 33.76107288382278
99, 72.97902561674618, 33.67970888594175
100, 72.98212174517319, 33.68133139276275
101, 72.98521787360019, 33.68295389958375
102, 72.9883140020272, 33.68457640640475
103, 72.9914101304542, 33.68619891322575
104, 72.9945062588812, 33.68782142004675
105, 72.9976023873082, 33.68944392686775
106, 73.00069851573521, 33.69106643368875
107, 73.00379464416221, 33.692688940509754
108, 73.00689077258922, 33.694311447330755
109, 73.00998690101622, 33.695933954151755
110, 73.01308302944322, 33.697556460972756
111, 73.01617915787023, 33.699178967793756
112, 73.01927528629723, 33.70080147461476
113, 73.02237141472423, 33.70242398143576
114, 73.02546754315124, 33.70404648825676
115, 73.02856367157824, 33.70566899507776
116, 73.03165980000524, 33.70729150189876
117, 73.03475592843225, 33.70891400871976
118, 73.03785205685925, 33.71053651554076
119, 73.04094818528625, 33.71215902236176
120, 73.04404431371326, 33.71378152918276
121, 73.04714044214026, 33.71540403600376
122, 73.05023657056726, 33.71702654282476
123, 73.05333269899427, 33.71864904964576
124, 73.05642882742127, 33.72027155646676
125, 73.05952495584827, 33.72189406328776
126, 73.06262108427528, 33.723516570108764
127, 73.06571721270228, 33.725139076929764
128, 73.06881334112929, 33.726761583750765
129, 73.07190946955629, 33.728384090571765
130, 73.07500559798329, 33.730006597392766
131, 73.0781017264103, 33.731629104213766
132, 73.0811978548373, 33.73325161103477
133, 73.0842939832643, 33.73487411785577
134, 73.0873901116913, 33.73649662467677
135, 73.09048624011831, 33.73811913149777
136, 73.09358236854531, 33.73974163831877
137, 73.09667849697232, 33.74136414513977
138, 73.09977462539932, 33.74298665196077
139, 73.10287075382632, 33.74460915878177
140, 73.10596688225333, 33.74623166560277
141, 73.10906301068033, 33.74785417242377
142, 73.11215913910733, 33.74947667924477
143, 73.11525526753434, 33.75109918606577
144, 73.11835139596134, 33.75272169288677
145, 73.12144752438834, 33.754344199707774
146, 73.12454365281535, 33.755966706528774
147, 73.12763978124235, 33.757589213349775
148, 73.13073590966935, 33.759211720170775
149, 72.98047847928318, 33.67784772228975
150, 72.98357460771018, 33.67947022911075
151, 72.98667073613719, 33.68109273593175
152, 72.98976686456419, 33.68271524275275
153, 72.99286299299119, 33.68433774957375
154, 72.9959591214182, 33.68596025639475
155, 72.9990552498452, 33.68758276321575
156, 73.0021513782722, 33.68920527003675
157, 73.0052475066992, 33.69082777685775
158, 73.00834363512621, 33.69245028367875
159, 73.01143976355321, 33.69407279049975
160, 73.01453589198022, 33.69569529732075
161, 73.01763202040722, 33.697317804141754
162, 73.02072814883422, 33.698940310962755
163, 73.02382427726123, 33.700562817783755
164, 73.02692040568823, 33.702185324604756
165, 73.03001653411523, 33.703807831425756
166, 73.03311266254224, 33.70543033824676
167, 73.03620879096924, 33.70705284506776
168, 73.03930491939624, 33.70867535188876
169, 73.04240104782325, 33.71029785870976
170, 73.04549717625025, 33.71192036553076
171, 73.04859330467725, 33.71354287235176
172, 73.05168943310426, 33.71516537917276
173, 73.05478556153126, 33.71678788599376
174, 73.05788168995826, 33.71841039281476
175, 73.06097781838527, 33.72003289963576
176, 73.06407394681227, 33.72165540645676
177, 73.06717007523928, 33.72327791327776
178, 73.07026620366628, 33.72490042009876
179, 73.07336233209328, 33.72652292691976
180, 73.07645846052029, 33.728145433740764
181, 73.07955458894729, 33.729767940561764
182, 73.08265071737429, 33.731390447382765
183, 73.0857468458013, 33.733012954203765
184, 73.0888429742283, 33.734635461024766
185, 73.0919391026553, 33.736257967845766
186, 73.0950352310823, 33.73788047466677
187, 73.09813135950931, 33.73950298148777
188, 73.10122748793631, 33.74112548830877
189, 73.10432361636332, 33.74274799512977
190, 73.10741974479032, 33.74437050195077
191, 73.11051587321732, 33.74599300877177
192, 73.11361200164433, 33.74761551559277
193, 73.11670813007133, 33.74923802241377
194, 73.11980425849833, 33.75086052923477
195, 73.12290038692534, 33.75248303605577
196, 73.12599651535234, 33.75410554287677
197, 73.12909264377934, 33.75572804969777
198, 73.13218877220635, 33.75735055651877
199, 72.98193134182017, 33.675986558637746
200, 72.98502747024718, 33.677609065458746
201, 72.98812359867418, 33.67923157227975
202, 72.99121972710118, 33.68085407910075
203, 72.99431585552819, 33.68247658592175
204, 72.99741198395519, 33.68409909274275
205, 73.00050811238219, 33.68572159956375
206, 73.0036042408092, 33.68734410638475
207, 73.0067003692362, 33.68896661320575
208, 73.0097964976632, 33.69058912002675
209, 73.0128926260902, 33.69221162684775
210, 73.01598875451721, 33.69383413366875
211, 73.01908488294421, 33.69545664048975
212, 73.02218101137122, 33.69707914731075
213, 73.02527713979822, 33.69870165413175
214, 73.02837326822522, 33.70032416095275
215, 73.03146939665223, 33.701946667773754
216, 73.03456552507923, 33.703569174594755
217, 73.03766165350623, 33.705191681415755
218, 73.04075778193324, 33.706814188236756
219, 73.04385391036024, 33.708436695057756
220, 73.04695003878724, 33.71005920187876
221, 73.05004616721425, 33.71168170869976
222, 73.05314229564125, 33.71330421552076
223, 73.05623842406825, 33.71492672234176
224, 73.05933455249526, 33.71654922916276
225, 73.06243068092226, 33.71817173598376
226, 73.06552680934927, 33.71979424280476
227, 73.06862293777627, 33.72141674962576
228, 73.07171906620327, 33.72303925644676
229, 73.07481519463028, 33.72466176326776
230, 73.07791132305728, 33.72628427008876
231, 73.08100745148428, 33.72790677690976
232, 73.08410357991129, 33.72952928373076
233, 73.08719970833829, 33.73115179055176
234, 73.09029583676529, 33.732774297372764
235, 73.0933919651923, 33.734396804193764
236, 73.0964880936193, 33.736019311014765
237, 73.0995842220463, 33.737641817835765
238, 73.1026803504733, 33.739264324656766
239, 73.10577647890031, 33.740886831477766
240, 73.10887260732731, 33.74250933829877
241, 73.11196873575432, 33.74413184511977
242, 73.11506486418132, 33.74575435194077
243, 73.11816099260832, 33.74737685876177
244, 73.12125712103533, 33.74899936558277
245, 73.12435324946233, 33.75062187240377
246, 73.12744937788933, 33.75224437922477
247, 73.13054550631634, 33.75386688604577
248, 73.13364163474334, 33.75548939286677
249, 72.98338420435717, 33.674125394985744
